{"producer":{"name":"Blender","version":"2.93.3","exporter_version":"2.93.5","file":"epona.babylon"},
"autoClear":true,"clearColor":[0.0509,0.0509,0.0509],"gravity":[0,-9.81,0],
"materials":[{"name":"Body","id":"Body","customType":"BABYLON.PBRMaterial","emissive":[0,0,0],"reflectivity":[0,0,0],"roughness":0.5,"alpha":1,"transparencyMode":0,"alphaCutOff":0.4,"metallic":0, 
"albedoTexture":{"name":"Body_Texture.jpg","level":1,"hasAlpha":false,"coordinatesMode":0,"uOffset":0,"vOffset":0,"uScale":1,"vScale":1,"uAng":0,"vAng":0,"wAng":0,"wrapU":1,"wrapV":1,"coordinatesIndex":0},"useAlphaFromAlbedoTexture":false},
{"name":"Hair","id":"Hair","customType":"BABYLON.PBRMaterial","emissive":[0,0,0],"reflectivity":[0.5,0.5,0.5],"roughness":0.5,"alpha":1,"transparencyMode":0,"alphaCutOff":0.4,"metallic":0, 
"albedoTexture":{"name":"FireHair_Texture.jpg","level":1,"hasAlpha":false,"coordinatesMode":0,"uOffset":0,"vOffset":0,"uScale":1,"vScale":1,"uAng":0,"vAng":0,"wAng":0,"wrapU":1,"wrapV":1,"coordinatesIndex":0},"useAlphaFromAlbedoTexture":false}],
"multiMaterials":[{"name":"epona.Multimaterial#0","id":"epona.Multimaterial#0","materials":["Body","Hair"]}],
"skeletons":[{"name":"Armature","id":0,"dimensionsAtRest":[0.3492,1.0961,1.4778],"bones":[
{"name":"Bone","index":0,"matrix":[0.9554,-0.2926,-0.0414,0,-0.0295,0.0447,-0.9986,0,-0.2941,-0.9552,-0.0341,0,0.0182,0.7831,0.1866,1],"rest":[0.9554,-0.2926,-0.0414,0,-0.0295,0.0447,-0.9986,0,-0.2941,-0.9552,-0.0341,0,0.0182,0.7831,0.1866,1],"parentBoneIndex":-1,"length":0.4447
,"animation":
{"name":"anim","property":"_matrix","dataType":3,"framePerSecond":24,"loopBehavior":1,"keys":[
{"frame":1,"values":[0.9554,-0.2926,-0.0414,0,-0.0295,0.0447,-0.9986,0,-0.2941,-0.9552,-0.0341,0,0.0182,0.7831,0.1866,1]},
{"frame":2,"values":[0.9552,-0.2931,-0.0414,0,-0.0295,0.0447,-0.9986,0,-0.2946,-0.955,-0.0341,0,0.0182,0.7831,0.1866,1]},
{"frame":3,"values":[0.9547,-0.2946,-0.0414,0,-0.0294,0.0448,-0.9986,0,-0.2961,-0.9546,-0.0341,0,0.0182,0.7831,0.1866,1]},
{"frame":4,"values":[0.954,-0.2969,-0.0414,0,-0.0293,0.0449,-0.9986,0,-0.2984,-0.9539,-0.0341,0,0.0182,0.7831,0.1866,1]},
{"frame":5,"values":[0.9531,-0.2999,-0.0414,0,-0.0292,0.0449,-0.9986,0,-0.3013,-0.9529,-0.0341,0,0.0182,0.7831,0.1866,1]},
{"frame":6,"values":[0.952,-0.3033,-0.0414,0,-0.029,0.0451,-0.9986,0,-0.3048,-0.9518,-0.0341,0,0.0182,0.7831,0.1866,1]},
{"frame":7,"values":[0.9508,-0.3071,-0.0414,0,-0.0288,0.0452,-0.9986,0,-0.3086,-0.9506,-0.0341,0,0.0182,0.7831,0.1866,1]},
{"frame":8,"values":[0.9495,-0.3112,-0.0414,0,-0.0287,0.0453,-0.9986,0,-0.3126,-0.9493,-0.0341,0,0.0182,0.7831,0.1866,1]},
{"frame":9,"values":[0.9481,-0.3153,-0.0414,0,-0.0285,0.0454,-0.9986,0,-0.3168,-0.9479,-0.0341,0,0.0182,0.7831,0.1866,1]},
{"frame":10,"values":[0.9468,-0.3193,-0.0414,0,-0.0283,0.0455,-0.9986,0,-0.3208,-0.9466,-0.0341,0,0.0182,0.7831,0.1866,1]},
{"frame":11,"values":[0.9455,-0.3231,-0.0414,0,-0.0281,0.0456,-0.9986,0,-0.3246,-0.9453,-0.0341,0,0.0182,0.7831,0.1866,1]},
{"frame":12,"values":[0.9443,-0.3266,-0.0414,0,-0.0279,0.0457,-0.9986,0,-0.328,-0.9441,-0.0341,0,0.0182,0.7831,0.1866,1]},
{"frame":13,"values":[0.9433,-0.3295,-0.0414,0,-0.0278,0.0458,-0.9986,0,-0.3309,-0.9431,-0.0341,0,0.0182,0.7831,0.1866,1]},
{"frame":14,"values":[0.9425,-0.3317,-0.0414,0,-0.0277,0.0459,-0.9986,0,-0.3332,-0.9423,-0.0341,0,0.0182,0.7831,0.1866,1]},
{"frame":15,"values":[0.942,-0.3332,-0.0414,0,-0.0276,0.0459,-0.9986,0,-0.3347,-0.9418,-0.0341,0,0.0182,0.7831,0.1866,1]},
{"frame":16,"values":[0.9418,-0.3337,-0.0414,0,-0.0276,0.046,-0.9986,0,-0.3352,-0.9416,-0.0341,0,0.0182,0.7831,0.1866,1]},
{"frame":17,"values":[0.9419,-0.3333,-0.0414,0,-0.0276,0.0459,-0.9986,0,-0.3347,-0.9417,-0.0341,0,0.0182,0.7831,0.1866,1]},
{"frame":18,"values":[0.9424,-0.332,-0.0414,0,-0.0277,0.0459,-0.9986,0,-0.3334,-0.9422,-0.0341,0,0.0182,0.7831,0.1866,1]},
{"frame":19,"values":[0.9431,-0.33,-0.0414,0,-0.0278,0.0458,-0.9986,0,-0.3314,-0.9429,-0.0341,0,0.0182,0.7831,0.1866,1]},
{"frame":20,"values":[0.944,-0.3273,-0.0414,0,-0.0279,0.0458,-0.9986,0,-0.3288,-0.9438,-0.0341,0,0.0182,0.7831,0.1866,1]},
{"frame":21,"values":[0.9451,-0.3242,-0.0414,0,-0.028,0.0457,-0.9986,0,-0.3257,-0.9449,-0.0341,0,0.0182,0.7831,0.1866,1]},
{"frame":22,"values":[0.9463,-0.3208,-0.0414,0,-0.0282,0.0456,-0.9986,0,-0.3222,-0.9461,-0.0341,0,0.0182,0.7831,0.1866,1]},
{"frame":23,"values":[0.9475,-0.3171,-0.0414,0,-0.0284,0.0455,-0.9986,0,-0.3185,-0.9473,-0.0341,0,0.0182,0.7831,0.1866,1]},
{"frame":24,"values":[0.9488,-0.3132,-0.0414,0,-0.0286,0.0454,-0.9986,0,-0.3147,-0.9486,-0.0341,0,0.0182,0.7831,0.1866,1]},
{"frame":25,"values":[0.95,-0.3094,-0.0414,0,-0.0287,0.0452,-0.9986,0,-0.3109,-0.9499,-0.0341,0,0.0182,0.7831,0.1866,1]},
{"frame":26,"values":[0.9512,-0.3057,-0.0414,0,-0.0289,0.0451,-0.9986,0,-0.3071,-0.9511,-0.0341,0,0.0182,0.7831,0.1866,1]},
{"frame":27,"values":[0.9524,-0.3022,-0.0414,0,-0.0291,0.045,-0.9986,0,-0.3037,-0.9522,-0.0341,0,0.0182,0.7831,0.1866,1]},
{"frame":28,"values":[0.9533,-0.2991,-0.0414,0,-0.0292,0.0449,-0.9986,0,-0.3005,-0.9532,-0.0341,0,0.0182,0.7831,0.1866,1]},
{"frame":29,"values":[0.9542,-0.2964,-0.0414,0,-0.0294,0.0448,-0.9986,0,-0.2979,-0.954,-0.0341,0,0.0182,0.7831,0.1866,1]},
{"frame":30,"values":[0.9548,-0.2944,-0.0414,0,-0.0295,0.0448,-0.9986,0,-0.2958,-0.9547,-0.0341,0,0.0182,0.7831,0.1866,1]},
{"frame":31,"values":[0.9552,-0.2931,-0.0414,0,-0.0295,0.0447,-0.9986,0,-0.2945,-0.9551,-0.0341,0,0.0182,0.7831,0.1866,1]},
{"frame":32,"values":[0.9554,-0.2926,-0.0414,0,-0.0295,0.0447,-0.9986,0,-0.2941,-0.9552,-0.0341,0,0.0182,0.7831,0.1866,1]},
{"frame":41,"values":[0.9554,-0.2926,-0.0414,0,-0.0295,0.0447,-0.9986,0,-0.2941,-0.9552,-0.0341,0,0.0182,0.7831,0.1866,1]},
{"frame":42,"values":[0.9552,-0.2932,-0.0407,0,-0.0291,0.0435,-0.9986,0,-0.2946,-0.9551,-0.033,0,0.0182,0.7831,0.1866,1]},
{"frame":43,"values":[0.9548,-0.2948,-0.0388,0,-0.0281,0.0403,-0.9988,0,-0.296,-0.9547,-0.0302,0,0.0182,0.7831,0.1866,1]},
{"frame":44,"values":[0.9542,-0.2971,-0.036,0,-0.0267,0.0354,-0.999,0,-0.2981,-0.9542,-0.0259,0,0.0182,0.7831,0.1866,1]},
{"frame":45,"values":[0.9534,-0.2998,-0.0326,0,-0.0249,0.0293,-0.9993,0,-0.3006,-0.9536,-0.0205,0,0.0182,0.7831,0.1866,1]},
{"frame":46,"values":[0.9526,-0.3028,-0.0289,0,-0.0232,0.0224,-0.9995,0,-0.3034,-0.9528,-0.0143,0,0.0182,0.7831,0.1866,1]},
{"frame":47,"values":[0.9518,-0.3058,-0.0251,0,-0.0215,0.0151,-0.9997,0,-0.3061,-0.952,-0.0078,0,0.0182,0.7831,0.1866,1]},
{"frame":48,"values":[0.951,-0.3085,-0.0217,0,-0.0202,0.0078,-0.9998,0,-0.3087,-0.9512,-0.0012,0,0.0182,0.7831,0.1866,1]},
{"frame":49,"values":[0.9503,-0.3107,-0.0188,0,-0.0194,0.001,-0.9998,0,-0.3107,-0.9505,0.0051,0,0.0182,0.7831,0.1866,1]},
{"frame":50,"values":[0.9499,-0.3122,-0.0168,0,-0.0193,-0.0049,-0.9998,0,-0.3121,-0.95,0.0107,0,0.0182,0.7831,0.1866,1]},
{"frame":51,"values":[0.9497,-0.3127,-0.0161,0,-0.02,-0.0095,-0.9998,0,-0.3125,-0.9498,0.0153,0,0.0182,0.7831,0.1866,1]},
{"frame":52,"values":[0.9498,-0.3126,-0.016,0,-0.0211,-0.013,-0.9997,0,-0.3124,-0.9498,0.019,0,0.0182,0.7831,0.1866,1]},
{"frame":53,"values":[0.9498,-0.3126,-0.016,0,-0.0221,-0.0159,-0.9996,0,-0.3122,-0.9498,0.022,0,0.0182,0.7831,0.1866,1]},
{"frame":54,"values":[0.9498,-0.3125,-0.016,0,-0.0229,-0.0183,-0.9996,0,-0.3121,-0.9497,0.0245,0,0.0182,0.7831,0.1866,1]},
{"frame":55,"values":[0.9498,-0.3125,-0.016,0,-0.0235,-0.0202,-0.9995,0,-0.312,-0.9497,0.0265,0,0.0182,0.7831,0.1866,1]},
{"frame":56,"values":[0.9498,-0.3124,-0.0161,0,-0.024,-0.0217,-0.9995,0,-0.3119,-0.9497,0.0281,0,0.0182,0.7831,0.1866,1]},
{"frame":57,"values":[0.9499,-0.3123,-0.0162,0,-0.0245,-0.0227,-0.9994,0,-0.3118,-0.9497,0.0293,0,0.0182,0.7831,0.1866,1]},
{"frame":58,"values":[0.9499,-0.3122,-0.0163,0,-0.0249,-0.0235,-0.9994,0,-0.3116,-0.9498,0.0301,0,0.0182,0.7831,0.1866,1]},
{"frame":59,"values":[0.9499,-0.312,-0.0165,0,-0.0253,-0.024,-0.9994,0,-0.3115,-0.9498,0.0307,0,0.0182,0.7831,0.1866,1]},
{"frame":60,"values":[0.95,-0.3118,-0.0168,0,-0.0256,-0.0242,-0.9994,0,-0.3112,-0.9499,0.031,0,0.0182,0.7831,0.1866,1]},
{"frame":61,"values":[0.9501,-0.3115,-0.0171,0,-0.026,-0.0243,-0.9994,0,-0.311,-0.9499,0.0312,0,0.0182,0.7831,0.1866,1]},
{"frame":62,"values":[0.9502,-0.3112,-0.0175,0,-0.0264,-0.0242,-0.9994,0,-0.3106,-0.95,0.0312,0,0.0182,0.7831,0.1866,1]},
{"frame":63,"values":[0.9503,-0.3109,-0.018,0,-0.0268,-0.0241,-0.9993,0,-0.3103,-0.9502,0.0312,0,0.0182,0.7831,0.1866,1]},
{"frame":64,"values":[0.9506,-0.3099,-0.0193,0,-0.0273,-0.0216,-0.9994,0,-0.3094,-0.9505,0.029,0,0.0182,0.7831,0.1866,1]},
{"frame":65,"values":[0.9511,-0.3082,-0.0217,0,-0.0277,-0.0152,-0.9995,0,-0.3077,-0.9512,0.023,0,0.0182,0.7831,0.1866,1]},
{"frame":66,"values":[0.9518,-0.3057,-0.0249,0,-0.0281,-0.006,-0.9996,0,-0.3055,-0.9521,0.0143,0,0.0182,0.7831,0.1866,1]},
{"frame":67,"values":[0.9526,-0.3029,-0.0286,0,-0.0284,0.0048,-0.9996,0,-0.303,-0.953,0.004,0,0.0182,0.7831,0.1866,1]},
{"frame":68,"values":[0.9534,-0.3,-0.0323,0,-0.0288,0.0162,-0.9995,0,-0.3004,-0.9538,-0.0068,0,0.0182,0.7831,0.1866,1]},
{"frame":69,"values":[0.9542,-0.2972,-0.0358,0,-0.0291,0.027,-0.9992,0,-0.298,-0.9544,-0.0171,0,0.0182,0.7831,0.1866,1]},
{"frame":70,"values":[0.9548,-0.2948,-0.0387,0,-0.0293,0.0361,-0.9989,0,-0.296,-0.9549,-0.0258,0,0.0182,0.7831,0.1866,1]},
{"frame":71,"values":[0.9552,-0.2932,-0.0406,0,-0.0295,0.0424,-0.9987,0,-0.2946,-0.9551,-0.0318,0,0.0182,0.7831,0.1866,1]},
{"frame":72,"values":[0.9554,-0.2926,-0.0414,0,-0.0295,0.0447,-0.9986,0,-0.2941,-0.9552,-0.0341,0,0.0182,0.7831,0.1866,1]},
{"frame":81,"values":[0.9554,-0.2926,-0.0414,0,-0.0295,0.0447,-0.9986,0,-0.2941,-0.9552,-0.0341,0,0.0182,0.7831,0.1866,1]},
{"frame":82,"values":[0.9556,-0.2919,-0.0415,0,-0.0273,0.0525,-0.9982,0,-0.2936,-0.955,-0.0422,0,0.0185,0.7846,0.182,1]},
{"frame":83,"values":[0.9562,-0.2899,-0.0417,0,-0.0215,0.0725,-0.9971,0,-0.2921,-0.9543,-0.0631,0,0.0192,0.7888,0.1703,1]},
{"frame":84,"values":[0.957,-0.287,-0.0419,0,-0.0136,0.0999,-0.9949,0,-0.2898,-0.9527,-0.0917,0,0.0202,0.7949,0.1543,1]},
{"frame":85,"values":[0.9581,-0.2834,-0.042,0,-0.0051,0.1297,-0.9915,0,-0.2865,-0.9502,-0.1228,0,0.0215,0.8026,0.1368,1]},
{"frame":86,"values":[0.9592,-0.2796,-0.042,0,0.0026,0.1569,-0.9876,0,-0.2827,-0.9472,-0.1512,0,0.023,0.8112,0.1209,1]},
{"frame":87,"values":[0.9604,-0.2757,-0.0417,0,0.008,0.1768,-0.9842,0,-0.2788,-0.9449,-0.172,0,0.0245,0.8201,0.1094,1]},
{"frame":88,"values":[0.9614,-0.2721,-0.0414,0,0.0099,0.1845,-0.9828,0,-0.2751,-0.9444,-0.1801,0,0.026,0.8287,0.1051,1]},
{"frame":89,"values":[0.9623,-0.2692,-0.0399,0,0.0089,0.1774,-0.9841,0,-0.2721,-0.9466,-0.1731,0,0.0269,0.8369,0.1057,1]},
{"frame":90,"values":[0.963,-0.2671,-0.0363,0,0.0065,0.1577,-0.9875,0,-0.2695,-0.9507,-0.1536,0,0.0268,0.8447,0.1068,1]},
{"frame":91,"values":[0.9636,-0.2655,-0.0312,0,0.0031,0.1281,-0.9918,0,-0.2673,-0.9556,-0.1242,0,0.026,0.852,0.1082,1]},
{"frame":92,"values":[0.9642,-0.2642,-0.025,0,-0.0008,0.0912,-0.9958,0,-0.2654,-0.9602,-0.0877,0,0.0247,0.8584,0.1098,1]},
{"frame":93,"values":[0.9646,-0.2631,-0.0179,0,-0.0049,0.0499,-0.9987,0,-0.2637,-0.9635,-0.0468,0,0.0233,0.8638,0.1115,1]},
{"frame":94,"values":[0.965,-0.2621,-0.0105,0,-0.0089,0.007,-0.9999,0,-0.2622,-0.965,-0.0044,0,0.0219,0.8679,0.1131,1]},
{"frame":95,"values":[0.9653,-0.2611,-0.003,0,-0.0125,-0.0344,-0.9993,0,-0.2608,-0.9647,0.0365,0,0.0209,0.8705,0.1145,1]},
{"frame":96,"values":[0.9656,-0.2602,0.004,0,-0.0152,-0.0715,-0.9973,0,-0.2598,-0.9629,0.073,0,0.0206,0.8714,0.1155,1]},
{"frame":97,"values":[0.9658,-0.2593,0.0103,0,-0.0168,-0.1021,-0.9946,0,-0.259,-0.9604,0.103,0,0.0206,0.8707,0.1161,1]},
{"frame":98,"values":[0.9659,-0.2585,0.0158,0,-0.0176,-0.1264,-0.9918,0,-0.2584,-0.9577,0.1266,0,0.0207,0.8687,0.1164,1]},
{"frame":99,"values":[0.966,-0.2578,0.0206,0,-0.0176,-0.145,-0.9893,0,-0.258,-0.9553,0.1446,0,0.0208,0.8656,0.1167,1]},
{"frame":100,"values":[0.966,-0.2573,0.0245,0,-0.0172,-0.1587,-0.9872,0,-0.2579,-0.9532,0.1577,0,0.0209,0.8614,0.1172,1]},
{"frame":101,"values":[0.966,-0.257,0.0276,0,-0.0166,-0.1682,-0.9856,0,-0.258,-0.9517,0.1667,0,0.0209,0.8562,0.1181,1]},
{"frame":102,"values":[0.9659,-0.2571,0.0299,0,-0.0159,-0.1742,-0.9846,0,-0.2584,-0.9506,0.1723,0,0.0209,0.85,0.1196,1]},
{"frame":103,"values":[0.9658,-0.2575,0.0313,0,-0.0153,-0.1773,-0.984,0,-0.259,-0.9499,0.1751,0,0.0208,0.843,0.1219,1]},
{"frame":104,"values":[0.9656,-0.2582,0.0319,0,-0.0152,-0.1782,-0.9839,0,-0.2598,-0.9495,0.1759,0,0.0206,0.8352,0.1253,1]},
{"frame":105,"values":[0.965,-0.2608,0.0289,0,-0.016,-0.1687,-0.9855,0,-0.2619,-0.9506,0.167,0,0.0202,0.8267,0.1309,1]},
{"frame":106,"values":[0.9638,-0.2657,0.021,0,-0.018,-0.1437,-0.9895,0,-0.266,-0.9533,0.1433,0,0.0199,0.8179,0.1393,1]},
{"frame":107,"values":[0.9623,-0.272,0.0096,0,-0.0207,-0.1082,-0.9939,0,-0.2714,-0.9562,0.1097,0,0.0195,0.8092,0.1493,1]},
{"frame":108,"values":[0.9605,-0.2784,-0.0038,0,-0.0234,-0.0672,-0.9975,0,-0.2775,-0.9581,0.0711,0,0.0191,0.801,0.1599,1]},
{"frame":109,"values":[0.9586,-0.2842,-0.0174,0,-0.0259,-0.0261,-0.9993,0,-0.2836,-0.9584,0.0324,0,0.0187,0.7939,0.17,1]},
{"frame":110,"values":[0.957,-0.2887,-0.0295,0,-0.0278,0.0098,-0.9996,0,-0.2889,-0.9574,-0.0013,0,0.0185,0.7882,0.1785,1]},
{"frame":111,"values":[0.9558,-0.2916,-0.0381,0,-0.0291,0.0351,-0.999,0,-0.2926,-0.9559,-0.0251,0,0.0183,0.7845,0.1844,1]},
{"frame":112,"values":[0.9554,-0.2926,-0.0414,0,-0.0295,0.0447,-0.9986,0,-0.2941,-0.9552,-0.0341,0,0.0182,0.7831,0.1866,1]},
{"frame":121,"values":[0.9554,-0.2926,-0.0414,0,-0.0295,0.0447,-0.9986,0,-0.2941,-0.9552,-0.0341,0,0.0182,0.7831,0.1866,1]},
{"frame":122,"values":[0.9567,-0.2883,-0.0407,0,-0.0292,0.0442,-0.9986,0,-0.2898,-0.9565,-0.0339,0,0.0151,0.7809,0.186,1]},
{"frame":123,"values":[0.9604,-0.2758,-0.0389,0,-0.0282,0.0426,-0.9987,0,-0.2771,-0.9603,-0.0332,0,0.0062,0.7744,0.1845,1]},
{"frame":124,"values":[0.9662,-0.2554,-0.036,0,-0.0266,0.0402,-0.9988,0,-0.2566,-0.966,-0.032,0,-0.0081,0.764,0.182,1]},
{"frame":125,"values":[0.9733,-0.2273,-0.032,0,-0.0243,0.0368,-0.999,0,-0.2283,-0.9732,-0.0303,0,-0.0274,0.7499,0.1786,1]},
{"frame":126,"values":[0.9811,-0.1917,-0.0271,0,-0.0212,0.0327,-0.9992,0,-0.1925,-0.9809,-0.028,0,-0.0514,0.7325,0.1744,1]},
{"frame":127,"values":[0.9886,-0.1488,-0.0214,0,-0.0174,0.028,-0.9995,0,-0.1494,-0.9885,-0.0251,0,-0.0797,0.712,0.1694,1]},
{"frame":128,"values":[0.995,-0.099,-0.0149,0,-0.0127,0.0227,-0.9997,0,-0.0993,-0.9948,-0.0213,0,-0.1117,0.6886,0.1638,1]},
{"frame":129,"values":[0.9991,-0.0424,-0.0079,0,-0.0071,0.017,-0.9998,0,-0.0426,-0.999,-0.0167,0,-0.1472,0.6628,0.1575,1]},
{"frame":130,"values":[0.9998,0.0202,-0.0004,0,-0.0006,0.0112,-0.9999,0,0.0201,-0.9997,-0.0112,0,-0.1857,0.6349,0.1508,1]},
{"frame":131,"values":[0.9961,0.0882,0.0073,0,0.0069,0.0053,-1,0,0.0882,-0.9961,-0.0047,0,-0.2268,0.605,0.1436,1]},
{"frame":132,"values":[0.9869,0.1606,0.0151,0,0.0153,-0.0004,-0.9999,0,0.1606,-0.987,0.0029,0,-0.2701,0.5734,0.136,1]},
{"frame":133,"values":[0.9715,0.2363,0.0226,0,0.0247,-0.0058,-0.9997,0,0.236,-0.9717,0.0115,0,-0.3153,0.5406,0.128,1]},
{"frame":134,"values":[0.9491,0.3137,0.0298,0,0.0349,-0.0106,-0.9993,0,0.3131,-0.9495,0.021,0,-0.3618,0.5068,0.1199,1]},
{"frame":135,"values":[0.9195,0.3914,0.0363,0,0.0457,-0.0147,-0.9988,0,0.3904,-0.9201,0.0314,0,-0.4094,0.4722,0.1115,1]},
{"frame":136,"values":[0.8829,0.4678,0.0421,0,0.0571,-0.0179,-0.9982,0,0.4662,-0.8837,0.0425,0,-0.4575,0.4372,0.1031,1]},
{"frame":137,"values":[0.8396,0.5413,0.0469,0,0.0687,-0.0201,-0.9974,0,0.5389,-0.8406,0.0541,0,-0.5059,0.402,0.0946,1]},
{"frame":138,"values":[0.7905,0.6105,0.0507,0,0.0804,-0.0214,-0.9965,0,0.6072,-0.7918,0.066,0,-0.554,0.367,0.0861,1]},
{"frame":139,"values":[0.7367,0.6742,0.0534,0,0.092,-0.0216,-0.9955,0,0.67,-0.7383,0.078,0,-0.6016,0.3324,0.0778,1]},
{"frame":140,"values":[0.6796,0.7315,0.0551,0,0.1032,-0.021,-0.9944,0,0.7263,-0.6815,0.0897,0,-0.6481,0.2985,0.0696,1]},
{"frame":141,"values":[0.6208,0.7821,0.0558,0,0.1138,-0.0195,-0.9933,0,0.7757,-0.6229,0.1011,0,-0.6933,0.2657,0.0617,1]},
{"frame":142,"values":[0.5616,0.8256,0.0556,0,0.1237,-0.0173,-0.9922,0,0.8181,-0.5641,0.1118,0,-0.7366,0.2342,0.0541,1]},
{"frame":143,"values":[0.5037,0.8622,0.0548,0,0.1328,-0.0146,-0.991,0,0.8536,-0.5064,0.1218,0,-0.7777,0.2043,0.0468,1]},
{"frame":144,"values":[0.4483,0.8923,0.0534,0,0.1409,-0.0116,-0.9899,0,0.8827,-0.4513,0.131,0,-0.8162,0.1763,0.0401,1]},
{"frame":145,"values":[0.3966,0.9166,0.0516,0,0.1482,-0.0084,-0.9889,0,0.906,-0.3999,0.1391,0,-0.8517,0.1505,0.0339,1]},
{"frame":146,"values":[0.3497,0.9356,0.0496,0,0.1544,-0.0053,-0.988,0,0.9241,-0.3531,0.1463,0,-0.8837,0.1272,0.0282,1]},
{"frame":147,"values":[0.3083,0.9501,0.0477,0,0.1597,-0.0023,-0.9872,0,0.9378,-0.3119,0.1524,0,-0.912,0.1067,0.0233,1]},
{"frame":148,"values":[0.2732,0.9609,0.0458,0,0.1639,0.0004,-0.9865,0,0.9479,-0.277,0.1574,0,-0.936,0.0892,0.0191,1]},
{"frame":149,"values":[0.245,0.9685,0.0442,0,0.1673,0.0026,-0.9859,0,0.955,-0.2489,0.1614,0,-0.9553,0.0751,0.0157,1]},
{"frame":150,"values":[0.2243,0.9736,0.0429,0,0.1697,0.0044,-0.9855,0,0.9597,-0.2282,0.1642,0,-0.9696,0.0647,0.0131,1]},
{"frame":151,"values":[0.2114,0.9765,0.0421,0,0.1712,0.0054,-0.9852,0,0.9623,-0.2155,0.166,0,-0.9785,0.0582,0.0116,1]},
{"frame":152,"values":[0.207,0.9775,0.0418,0,0.1717,0.0058,-0.9851,0,0.9632,-0.2111,0.1666,0,-0.9816,0.056,0.011,1]}]}},
{"name":"Bone.001","index":1,"matrix":[0.9495,-0.0626,-0.3076,0,0.2576,-0.4045,0.8775,0,-0.1794,-0.9124,-0.3679,0,-0.124,-0.0549,0.2535,1],"rest":[0.9494,-0.0626,-0.3075,0,0.2576,-0.4045,0.8775,0,-0.1794,-0.9124,-0.3679,0,-0.124,-0.0549,0.2535,1],"parentBoneIndex":0,"length":0.4377
,"animation":
{"name":"anim","property":"_matrix","dataType":3,"framePerSecond":24,"loopBehavior":1,"keys":[
{"frame":1,"values":[0.9495,-0.0626,-0.3076,0,0.2576,-0.4045,0.8775,0,-0.1794,-0.9124,-0.3679,0,-0.124,-0.0549,0.2535,1]},
{"frame":32,"values":[0.9495,-0.0626,-0.3076,0,0.2576,-0.4045,0.8775,0,-0.1794,-0.9124,-0.3679,0,-0.124,-0.0549,0.2535,1]},
{"frame":41,"values":[0.9495,-0.0626,-0.3076,0,0.2576,-0.4045,0.8775,0,-0.1794,-0.9124,-0.3679,0,-0.124,-0.0549,0.2535,1]},
{"frame":42,"values":[0.9494,-0.0628,-0.3076,0,0.2573,-0.406,0.8769,0,-0.18,-0.9117,-0.3693,0,-0.124,-0.0549,0.2535,1]},
{"frame":43,"values":[0.9494,-0.0633,-0.3077,0,0.2563,-0.4102,0.8752,0,-0.1816,-0.9098,-0.3732,0,-0.124,-0.0549,0.2535,1]},
{"frame":44,"values":[0.9493,-0.0641,-0.3077,0,0.2548,-0.4164,0.8728,0,-0.1841,-0.9069,-0.3789,0,-0.124,-0.0549,0.2535,1]},
{"frame":45,"values":[0.9493,-0.0652,-0.3075,0,0.2526,-0.4238,0.8698,0,-0.187,-0.9034,-0.3859,0,-0.124,-0.0549,0.2535,1]},
{"frame":46,"values":[0.9494,-0.0666,-0.3069,0,0.2499,-0.4318,0.8666,0,-0.1902,-0.8995,-0.3934,0,-0.124,-0.0549,0.2535,1]},
{"frame":47,"values":[0.9496,-0.0681,-0.3059,0,0.2466,-0.4398,0.8636,0,-0.1934,-0.8955,-0.4008,0,-0.124,-0.0549,0.2535,1]},
{"frame":48,"values":[0.95,-0.0699,-0.3043,0,0.2428,-0.447,0.8609,0,-0.1962,-0.8918,-0.4077,0,-0.124,-0.0549,0.2535,1]},
{"frame":49,"values":[0.9506,-0.0719,-0.302,0,0.2386,-0.4529,0.859,0,-0.1985,-0.8887,-0.4133,0,-0.124,-0.0549,0.2535,1]},
{"frame":50,"values":[0.9514,-0.074,-0.2988,0,0.234,-0.4567,0.8583,0,-0.2,-0.8865,-0.4172,0,-0.124,-0.0549,0.2535,1]},
{"frame":51,"values":[0.9525,-0.0763,-0.2947,0,0.2291,-0.4579,0.859,0,-0.2004,-0.8857,-0.4187,0,-0.124,-0.0549,0.2535,1]},
{"frame":52,"values":[0.9556,-0.0774,-0.2845,0,0.2221,-0.4458,0.8671,0,-0.1939,-0.8918,-0.4088,0,-0.124,-0.0549,0.2535,1]},
{"frame":53,"values":[0.9614,-0.0757,-0.2644,0,0.2112,-0.4127,0.886,0,-0.1762,-0.9077,-0.3808,0,-0.124,-0.0549,0.2535,1]},
{"frame":54,"values":[0.9691,-0.0706,-0.2365,0,0.1961,-0.3615,0.9115,0,-0.1499,-0.9297,-0.3365,0,-0.124,-0.0549,0.2535,1]},
{"frame":55,"values":[0.9773,-0.0614,-0.2027,0,0.1762,-0.2957,0.9389,0,-0.1176,-0.9533,-0.2781,0,-0.124,-0.0549,0.2535,1]},
{"frame":56,"values":[0.985,-0.0476,-0.1657,0,0.1515,-0.2191,0.9639,0,-0.0822,-0.9745,-0.2086,0,-0.124,-0.0549,0.2535,1]},
{"frame":57,"values":[0.9914,-0.0295,-0.1279,0,0.1227,-0.1367,0.983,0,-0.0465,-0.9902,-0.1319,0,-0.124,-0.0549,0.2535,1]},
{"frame":58,"values":[0.9957,-0.0081,-0.0919,0,0.0914,-0.054,0.9944,0,-0.013,-0.9985,-0.0531,0,-0.124,-0.0549,0.2535,1]},
{"frame":59,"values":[0.9981,0.0147,-0.06,0,0.0597,0.0233,0.9979,0,0.016,-0.9996,0.0224,0,-0.124,-0.0549,0.2535,1]},
{"frame":60,"values":[0.9988,0.0366,-0.0337,0,0.0303,0.0902,0.9955,0,0.0395,-0.9953,0.089,0,-0.124,-0.0549,0.2535,1]},
{"frame":61,"values":[0.9984,0.0552,-0.0141,0,0.0061,0.1423,0.9898,0,0.0566,-0.9883,0.1418,0,-0.124,-0.0549,0.2535,1]},
{"frame":62,"values":[0.9977,0.0679,-0.0019,0,-0.0102,0.1761,0.9843,0,0.0672,-0.982,0.1764,0,-0.124,-0.0549,0.2535,1]},
{"frame":63,"values":[0.9974,0.0726,0.0024,0,-0.0161,0.1882,0.982,0,0.0708,-0.9794,0.1889,0,-0.124,-0.0549,0.2535,1]},
{"frame":64,"values":[0.9979,0.0651,-0.0066,0,-0.0045,0.169,0.9856,0,0.0653,-0.9835,0.1689,0,-0.124,-0.0549,0.2535,1]},
{"frame":65,"values":[0.9985,0.0457,-0.0316,0,0.0261,0.1164,0.9929,0,0.0491,-0.9921,0.115,0,-0.124,-0.0549,0.2535,1]},
{"frame":66,"values":[0.9973,0.0199,-0.07,0,0.0692,0.038,0.9969,0,0.0225,-0.9991,0.0365,0,-0.124,-0.0549,0.2535,1]},
{"frame":67,"values":[0.993,-0.0069,-0.1182,0,0.1176,-0.0574,0.9914,0,-0.0136,-0.9983,-0.0562,0,-0.124,-0.0549,0.2535,1]},
{"frame":68,"values":[0.9848,-0.03,-0.1712,0,0.1644,-0.1587,0.9735,0,-0.0564,-0.9869,-0.1514,0,-0.124,-0.0549,0.2535,1]},
{"frame":69,"values":[0.9737,-0.0468,-0.2228,0,0.2041,-0.2541,0.9454,0,-0.1008,-0.966,-0.2379,0,-0.124,-0.0549,0.2535,1]},
{"frame":70,"values":[0.9622,-0.0567,-0.2665,0,0.2335,-0.3326,0.9137,0,-0.1405,-0.9414,-0.3068,0,-0.124,-0.0549,0.2535,1]},
{"frame":71,"values":[0.9531,-0.0614,-0.2965,0,0.2514,-0.3852,0.8879,0,-0.1687,-0.9208,-0.3517,0,-0.124,-0.0549,0.2535,1]},
{"frame":72,"values":[0.9495,-0.0626,-0.3076,0,0.2576,-0.4045,0.8775,0,-0.1794,-0.9124,-0.3679,0,-0.124,-0.0549,0.2535,1]},
{"frame":81,"values":[0.9495,-0.0626,-0.3076,0,0.2576,-0.4045,0.8775,0,-0.1794,-0.9124,-0.3679,0,-0.124,-0.0549,0.2535,1]},
{"frame":82,"values":[0.9499,-0.0605,-0.3068,0,0.2572,-0.4065,0.8767,0,-0.1777,-0.9116,-0.3705,0,-0.1241,-0.0556,0.2557,1]},
{"frame":83,"values":[0.9509,-0.0546,-0.3045,0,0.256,-0.4141,0.8735,0,-0.1738,-0.9086,-0.3798,0,-0.1242,-0.0574,0.2615,1]},
{"frame":84,"values":[0.9525,-0.0456,-0.3012,0,0.2535,-0.4296,0.8667,0,-0.169,-0.9019,-0.3976,0,-0.1245,-0.0598,0.2694,1]},
{"frame":85,"values":[0.9542,-0.0343,-0.2971,0,0.2497,-0.4551,0.8547,0,-0.1645,-0.8898,-0.4257,0,-0.1247,-0.0625,0.2779,1]},
{"frame":86,"values":[0.9561,-0.0214,-0.2922,0,0.2443,-0.4925,0.8353,0,-0.1618,-0.87,-0.4657,0,-0.1249,-0.0649,0.2858,1]},
{"frame":87,"values":[0.958,-0.0077,-0.2867,0,0.2367,-0.543,0.8057,0,-0.1618,-0.8397,-0.5184,0,-0.1251,-0.0667,0.2915,1]},
{"frame":88,"values":[0.9598,0.0059,-0.2805,0,0.2264,-0.6069,0.7619,0,-0.1657,-0.7948,-0.5838,0,-0.1252,-0.0674,0.2937,1]},
{"frame":89,"values":[0.9605,0.0214,-0.2774,0,0.2169,-0.6824,0.6981,0,-0.1743,-0.7307,-0.6601,0,-0.1252,-0.0674,0.2937,1]},
{"frame":90,"values":[0.9594,0.041,-0.2789,0,0.2107,-0.7614,0.613,0,-0.1872,-0.6469,-0.7392,0,-0.1252,-0.0674,0.2937,1]},
{"frame":91,"values":[0.9572,0.0635,-0.2823,0,0.2062,-0.8342,0.5115,0,-0.203,-0.5478,-0.8116,0,-0.1252,-0.0674,0.2937,1]},
{"frame":92,"values":[0.9544,0.0873,-0.2856,0,0.202,-0.8931,0.4019,0,-0.22,-0.4413,-0.87,0,-0.1252,-0.0674,0.2937,1]},
{"frame":93,"values":[0.9514,0.1101,-0.2877,0,0.1977,-0.9345,0.2959,0,-0.2363,-0.3384,-0.9109,0,-0.1252,-0.0674,0.2937,1]},
{"frame":94,"values":[0.9487,0.1295,-0.2885,0,0.1935,-0.9592,0.2059,0,-0.2501,-0.2512,-0.9351,0,-0.1252,-0.0674,0.2937,1]},
{"frame":95,"values":[0.9468,0.1428,-0.2885,0,0.1904,-0.9711,0.1441,0,-0.2596,-0.1914,-0.9466,0,-0.1252,-0.0674,0.2937,1]},
{"frame":96,"values":[0.946,0.1478,-0.2884,0,0.1892,-0.9744,0.1212,0,-0.2631,-0.1693,-0.9498,0,-0.1252,-0.0674,0.2937,1]},
{"frame":97,"values":[0.9432,0.1472,-0.2979,0,0.2053,-0.9631,0.1739,0,-0.2613,-0.2251,-0.9386,0,-0.1257,-0.0678,0.2921,1]},
{"frame":98,"values":[0.9355,0.1426,-0.3234,0,0.2483,-0.9162,0.3144,0,-0.2515,-0.3744,-0.8925,0,-0.1272,-0.0688,0.2877,1]},
{"frame":99,"values":[0.9246,0.1273,-0.359,0,0.3079,-0.8047,0.5075,0,-0.2243,-0.5798,-0.7833,0,-0.1292,-0.0702,0.2815,1]},
{"frame":100,"values":[0.9135,0.0972,-0.395,0,0.3674,-0.6141,0.6986,0,-0.1746,-0.7833,-0.5967,0,-0.1314,-0.0718,0.2742,1]},
{"frame":101,"values":[0.9057,0.0561,-0.4201,0,0.4093,-0.3736,0.8324,0,-0.1102,-0.9259,-0.3613,0,-0.1336,-0.0733,0.2668,1]},
{"frame":102,"values":[0.903,0.0151,-0.4295,0,0.4268,-0.147,0.8923,0,-0.0497,-0.989,-0.1392,0,-0.1354,-0.0746,0.26,1]},
{"frame":103,"values":[0.9045,-0.0157,-0.4261,0,0.4263,0.0091,0.9045,0,-0.0103,-0.9998,0.0149,0,-0.1365,-0.0753,0.2547,1]},
{"frame":104,"values":[0.909,-0.0307,-0.4157,0,0.4168,0.0627,0.9068,0,-0.0018,-0.9976,0.0698,0,-0.1366,-0.0753,0.2518,1]},
{"frame":105,"values":[0.9152,-0.036,-0.4013,0,0.4025,0.0385,0.9146,0,-0.0175,-0.9986,0.0497,0,-0.1356,-0.074,0.2508,1]},
{"frame":106,"values":[0.9222,-0.0399,-0.3846,0,0.3842,-0.0167,0.9231,0,-0.0433,-0.9991,-0.0001,0,-0.134,-0.0716,0.2504,1]},
{"frame":107,"values":[0.9293,-0.0436,-0.3667,0,0.3617,-0.0927,0.9277,0,-0.0745,-0.9947,-0.0704,0,-0.1319,-0.0683,0.2507,1]},
{"frame":108,"values":[0.9359,-0.0478,-0.3489,0,0.3356,-0.1788,0.9249,0,-0.1066,-0.9827,-0.1513,0,-0.1297,-0.0646,0.2512,1]},
{"frame":109,"values":[0.9416,-0.0526,-0.3327,0,0.3083,-0.2635,0.9141,0,-0.1358,-0.9632,-0.2318,0,-0.1276,-0.061,0.252,1]},
{"frame":110,"values":[0.9458,-0.0575,-0.3196,0,0.2831,-0.3358,0.8984,0,-0.1589,-0.9402,-0.3013,0,-0.1257,-0.0579,0.2527,1]},
{"frame":111,"values":[0.9485,-0.0612,-0.3108,0,0.2647,-0.3858,0.8838,0,-0.174,-0.9206,-0.3497,0,-0.1245,-0.0557,0.2533,1]},
{"frame":112,"values":[0.9495,-0.0626,-0.3076,0,0.2576,-0.4045,0.8775,0,-0.1794,-0.9124,-0.3679,0,-0.124,-0.0549,0.2535,1]},
{"frame":121,"values":[0.9495,-0.0626,-0.3076,0,0.2576,-0.4045,0.8775,0,-0.1794,-0.9124,-0.3679,0,-0.124,-0.0549,0.2535,1]},
{"frame":152,"values":[0.9495,-0.0626,-0.3076,0,0.2576,-0.4045,0.8775,0,-0.1794,-0.9124,-0.3679,0,-0.124,-0.0549,0.2535,1]}]}},
{"name":"Bone.002","index":2,"matrix":[0.9533,-0.0657,-0.2947,0,0.2931,-0.0331,0.9555,0,-0.0725,-0.9973,-0.0123,0,-0.1163,0.5269,0.2618,1],"rest":[0.9533,-0.0657,-0.2947,0,0.2931,-0.0331,0.9555,0,-0.0725,-0.9973,-0.0123,0,-0.1163,0.5269,0.2618,1],"parentBoneIndex":0,"length":0.4234
,"animation":
{"name":"anim","property":"_matrix","dataType":3,"framePerSecond":24,"loopBehavior":1,"keys":[
{"frame":1,"values":[0.9533,-0.0657,-0.2947,0,0.2931,-0.0331,0.9555,0,-0.0725,-0.9973,-0.0123,0,-0.1163,0.5269,0.2618,1]},
{"frame":2,"values":[0.9531,-0.0657,-0.2955,0,0.2939,-0.0331,0.9553,0,-0.0725,-0.9973,-0.0122,0,-0.1163,0.5269,0.2618,1]},
{"frame":3,"values":[0.9524,-0.0656,-0.2978,0,0.2962,-0.0332,0.9546,0,-0.0725,-0.9973,-0.0121,0,-0.1163,0.5269,0.2618,1]},
{"frame":4,"values":[0.9513,-0.0654,-0.3013,0,0.2997,-0.0333,0.9534,0,-0.0724,-0.9973,-0.012,0,-0.1163,0.5269,0.2618,1]},
{"frame":5,"values":[0.9498,-0.0652,-0.3059,0,0.3043,-0.0334,0.952,0,-0.0723,-0.9973,-0.0119,0,-0.1163,0.5269,0.2618,1]},
{"frame":6,"values":[0.9481,-0.0649,-0.3112,0,0.3096,-0.0336,0.9503,0,-0.0722,-0.9973,-0.0117,0,-0.1163,0.5269,0.2618,1]},
{"frame":7,"values":[0.9462,-0.0647,-0.3171,0,0.3155,-0.0337,0.9483,0,-0.072,-0.9973,-0.0115,0,-0.1163,0.5269,0.2618,1]},
{"frame":8,"values":[0.9441,-0.0644,-0.3233,0,0.3217,-0.0339,0.9462,0,-0.0719,-0.9973,-0.0113,0,-0.1163,0.5269,0.2618,1]},
{"frame":9,"values":[0.9419,-0.0641,-0.3296,0,0.328,-0.0341,0.9441,0,-0.0717,-0.9974,-0.0111,0,-0.1163,0.5269,0.2618,1]},
{"frame":10,"values":[0.9398,-0.0638,-0.3358,0,0.3342,-0.0343,0.9419,0,-0.0716,-0.9974,-0.0109,0,-0.1163,0.5269,0.2618,1]},
{"frame":11,"values":[0.9377,-0.0635,-0.3416,0,0.34,-0.0345,0.9398,0,-0.0714,-0.9974,-0.0107,0,-0.1163,0.5269,0.2618,1]},
{"frame":12,"values":[0.9358,-0.0632,-0.3469,0,0.3453,-0.0346,0.9379,0,-0.0713,-0.9974,-0.0106,0,-0.1163,0.5269,0.2618,1]},
{"frame":13,"values":[0.9341,-0.063,-0.3513,0,0.3498,-0.0347,0.9362,0,-0.0712,-0.9974,-0.0104,0,-0.1163,0.5269,0.2618,1]},
{"frame":14,"values":[0.9328,-0.0628,-0.3548,0,0.3532,-0.0348,0.9349,0,-0.0711,-0.9974,-0.0103,0,-0.1163,0.5269,0.2618,1]},
{"frame":15,"values":[0.932,-0.0627,-0.357,0,0.3555,-0.0349,0.934,0,-0.071,-0.9974,-0.0102,0,-0.1163,0.5269,0.2618,1]},
{"frame":16,"values":[0.9317,-0.0627,-0.3578,0,0.3563,-0.0349,0.9337,0,-0.071,-0.9974,-0.0102,0,-0.1163,0.5269,0.2618,1]},
{"frame":17,"values":[0.932,-0.0627,-0.3571,0,0.3556,-0.0349,0.934,0,-0.071,-0.9974,-0.0102,0,-0.1163,0.5269,0.2618,1]},
{"frame":18,"values":[0.9327,-0.0628,-0.3551,0,0.3536,-0.0349,0.9348,0,-0.0711,-0.9974,-0.0103,0,-0.1163,0.5269,0.2618,1]},
{"frame":19,"values":[0.9339,-0.063,-0.3521,0,0.3505,-0.0348,0.9359,0,-0.0712,-0.9974,-0.0104,0,-0.1163,0.5269,0.2618,1]},
{"frame":20,"values":[0.9353,-0.0632,-0.3481,0,0.3465,-0.0347,0.9374,0,-0.0713,-0.9974,-0.0105,0,-0.1163,0.5269,0.2618,1]},
{"frame":21,"values":[0.9371,-0.0634,-0.3433,0,0.3417,-0.0345,0.9392,0,-0.0714,-0.9974,-0.0107,0,-0.1163,0.5269,0.2618,1]},
{"frame":22,"values":[0.939,-0.0637,-0.338,0,0.3364,-0.0344,0.9411,0,-0.0715,-0.9974,-0.0108,0,-0.1163,0.5269,0.2618,1]},
{"frame":23,"values":[0.941,-0.0639,-0.3323,0,0.3307,-0.0342,0.9431,0,-0.0717,-0.9974,-0.011,0,-0.1163,0.5269,0.2618,1]},
{"frame":24,"values":[0.943,-0.0642,-0.3264,0,0.3249,-0.034,0.9452,0,-0.0718,-0.9974,-0.0112,0,-0.1163,0.5269,0.2618,1]},
{"frame":25,"values":[0.945,-0.0645,-0.3205,0,0.319,-0.0338,0.9472,0,-0.0719,-0.9973,-0.0114,0,-0.1163,0.5269,0.2618,1]},
{"frame":26,"values":[0.9469,-0.0648,-0.3148,0,0.3132,-0.0337,0.9491,0,-0.0721,-0.9973,-0.0116,0,-0.1163,0.5269,0.2618,1]},
{"frame":27,"values":[0.9487,-0.065,-0.3095,0,0.3079,-0.0335,0.9508,0,-0.0722,-0.9973,-0.0118,0,-0.1163,0.5269,0.2618,1]},
{"frame":28,"values":[0.9502,-0.0653,-0.3047,0,0.3031,-0.0334,0.9524,0,-0.0723,-0.9973,-0.0119,0,-0.1163,0.5269,0.2618,1]},
{"frame":29,"values":[0.9515,-0.0654,-0.3006,0,0.299,-0.0332,0.9537,0,-0.0724,-0.9973,-0.0121,0,-0.1163,0.5269,0.2618,1]},
{"frame":30,"values":[0.9525,-0.0656,-0.2974,0,0.2958,-0.0331,0.9547,0,-0.0725,-0.9973,-0.0122,0,-0.1163,0.5269,0.2618,1]},
{"frame":31,"values":[0.9531,-0.0657,-0.2954,0,0.2938,-0.0331,0.9553,0,-0.0725,-0.9973,-0.0122,0,-0.1163,0.5269,0.2618,1]},
{"frame":32,"values":[0.9533,-0.0657,-0.2947,0,0.2931,-0.0331,0.9555,0,-0.0725,-0.9973,-0.0123,0,-0.1163,0.5269,0.2618,1]},
{"frame":41,"values":[0.9533,-0.0657,-0.2947,0,0.2931,-0.0331,0.9555,0,-0.0725,-0.9973,-0.0123,0,-0.1163,0.5269,0.2618,1]},
{"frame":42,"values":[0.9533,-0.0657,-0.2947,0,0.2924,-0.0424,0.9554,0,-0.0753,-0.9969,-0.0212,0,-0.1163,0.5269,0.2618,1]},
{"frame":43,"values":[0.9533,-0.0658,-0.2946,0,0.2903,-0.0677,0.9545,0,-0.0827,-0.9955,-0.0454,0,-0.1163,0.5269,0.2618,1]},
{"frame":44,"values":[0.9534,-0.0659,-0.2945,0,0.2869,-0.1049,0.9522,0,-0.0936,-0.9923,-0.0811,0,-0.1163,0.5269,0.2618,1]},
{"frame":45,"values":[0.9535,-0.0661,-0.2942,0,0.282,-0.1499,0.9476,0,-0.1067,-0.9865,-0.1243,0,-0.1163,0.5269,0.2618,1]},
{"frame":46,"values":[0.9536,-0.0664,-0.2938,0,0.2759,-0.1985,0.9405,0,-0.1208,-0.9778,-0.171,0,-0.1163,0.5269,0.2618,1]},
{"frame":47,"values":[0.9537,-0.067,-0.2931,0,0.2688,-0.2466,0.9311,0,-0.1346,-0.9668,-0.2172,0,-0.1163,0.5269,0.2618,1]},
{"frame":48,"values":[0.954,-0.0677,-0.2922,0,0.2614,-0.2902,0.9206,0,-0.1472,-0.9546,-0.2592,0,-0.1163,0.5269,0.2618,1]},
{"frame":49,"values":[0.9542,-0.0688,-0.291,0,0.2542,-0.3257,0.9106,0,-0.1575,-0.943,-0.2933,0,-0.1163,0.5269,0.2618,1]},
{"frame":50,"values":[0.9546,-0.0702,-0.2895,0,0.2483,-0.3497,0.9034,0,-0.1646,-0.9342,-0.3164,0,-0.1163,0.5269,0.2618,1]},
{"frame":51,"values":[0.955,-0.0719,-0.2876,0,0.2443,-0.3587,0.9009,0,-0.1679,-0.9307,-0.325,0,-0.1163,0.5269,0.2618,1]},
{"frame":52,"values":[0.9558,-0.0781,-0.2836,0,0.2408,-0.346,0.9068,0,-0.169,-0.935,-0.3118,0,-0.1163,0.5269,0.2618,1]},
{"frame":53,"values":[0.9568,-0.092,-0.276,0,0.2359,-0.3095,0.9211,0,-0.1702,-0.9464,-0.2744,0,-0.1163,0.5269,0.2618,1]},
{"frame":54,"values":[0.9579,-0.1115,-0.2645,0,0.23,-0.2528,0.9398,0,-0.1717,-0.9611,-0.2165,0,-0.1163,0.5269,0.2618,1]},
{"frame":55,"values":[0.9591,-0.1347,-0.2489,0,0.2235,-0.1794,0.9581,0,-0.1737,-0.9745,-0.142,0,-0.1163,0.5269,0.2618,1]},
{"frame":56,"values":[0.9602,-0.1593,-0.2294,0,0.2166,-0.0941,0.9717,0,-0.1764,-0.9827,-0.0558,0,-0.1163,0.5269,0.2618,1]},
{"frame":57,"values":[0.9611,-0.1833,-0.2067,0,0.2098,-0.0024,0.9777,0,-0.1797,-0.983,0.0362,0,-0.1163,0.5269,0.2618,1]},
{"frame":58,"values":[0.9617,-0.2049,-0.1821,0,0.2036,0.0893,0.975,0,-0.1835,-0.9747,0.1276,0,-0.1163,0.5269,0.2618,1]},
{"frame":59,"values":[0.9621,-0.2229,-0.1573,0,0.1982,0.1748,0.9644,0,-0.1875,-0.959,0.2124,0,-0.1163,0.5269,0.2618,1]},
{"frame":60,"values":[0.9622,-0.2367,-0.1346,0,0.1939,0.2485,0.949,0,-0.1912,-0.9393,0.285,0,-0.1163,0.5269,0.2618,1]},
{"frame":61,"values":[0.9622,-0.2463,-0.116,0,0.1907,0.3056,0.9329,0,-0.1943,-0.9197,0.3411,0,-0.1163,0.5269,0.2618,1]},
{"frame":62,"values":[0.9622,-0.252,-0.1036,0,0.1888,0.3425,0.9203,0,-0.1964,-0.9051,0.3772,0,-0.1163,0.5269,0.2618,1]},
{"frame":63,"values":[0.9621,-0.2539,-0.0991,0,0.1881,0.3557,0.9155,0,-0.1972,-0.8995,0.39,0,-0.1163,0.5269,0.2618,1]},
{"frame":64,"values":[0.9626,-0.249,-0.107,0,0.1909,0.3428,0.9198,0,-0.1923,-0.9058,0.3775,0,-0.1163,0.5269,0.2618,1]},
{"frame":65,"values":[0.9635,-0.2352,-0.1279,0,0.1986,0.3079,0.9305,0,-0.1795,-0.9219,0.3433,0,-0.1163,0.5269,0.2618,1]},
{"frame":66,"values":[0.9642,-0.2137,-0.1573,0,0.2107,0.2565,0.9433,0,-0.1612,-0.9426,0.2923,0,-0.1163,0.5269,0.2618,1]},
{"frame":67,"values":[0.9639,-0.1859,-0.1905,0,0.2262,0.1948,0.9544,0,-0.1403,-0.9631,0.2298,0,-0.1163,0.5269,0.2618,1]},
{"frame":68,"values":[0.9624,-0.1542,-0.2234,0,0.2439,0.1294,0.9611,0,-0.1193,-0.9795,0.1622,0,-0.1163,0.5269,0.2618,1]},
{"frame":69,"values":[0.9599,-0.1221,-0.2524,0,0.2618,0.0674,0.9628,0,-0.1006,-0.9902,0.0966,0,-0.1163,0.5269,0.2618,1]},
{"frame":70,"values":[0.9569,-0.0937,-0.275,0,0.2776,0.0155,0.9606,0,-0.0857,-0.9955,0.0408,0,-0.1163,0.5269,0.2618,1]},
{"frame":71,"values":[0.9544,-0.0734,-0.2895,0,0.2888,-0.0199,0.9572,0,-0.076,-0.9971,0.0022,0,-0.1163,0.5269,0.2618,1]},
{"frame":72,"values":[0.9533,-0.0657,-0.2947,0,0.2931,-0.0331,0.9555,0,-0.0725,-0.9973,-0.0123,0,-0.1163,0.5269,0.2618,1]},
{"frame":81,"values":[0.9533,-0.0657,-0.2947,0,0.2931,-0.0331,0.9555,0,-0.0725,-0.9973,-0.0123,0,-0.1163,0.5269,0.2618,1]},
{"frame":82,"values":[0.9538,-0.0696,-0.2924,0,0.2929,-0.0032,0.9561,0,-0.0675,-0.9976,0.0173,0,-0.1163,0.5269,0.2618,1]},
{"frame":83,"values":[0.955,-0.0791,-0.2859,0,0.2916,0.0741,0.9537,0,-0.0543,-0.9941,0.0938,0,-0.1163,0.5269,0.2618,1]},
{"frame":84,"values":[0.9569,-0.0915,-0.2757,0,0.2882,0.1797,0.9406,0,-0.0365,-0.9795,0.1983,0,-0.1163,0.5269,0.2618,1]},
{"frame":85,"values":[0.9592,-0.1036,-0.2632,0,0.2823,0.2928,0.9136,0,-0.0175,-0.9506,0.31,0,-0.1163,0.5269,0.2618,1]},
{"frame":86,"values":[0.9614,-0.1133,-0.2506,0,0.275,0.3928,0.8776,0,-0.001,-0.9126,0.4088,0,-0.1163,0.5269,0.2618,1]},
{"frame":87,"values":[0.9632,-0.1194,-0.2408,0,0.2686,0.4626,0.8449,0,0.0105,-0.8785,0.4776,0,-0.1163,0.5269,0.2618,1]},
{"frame":88,"values":[0.9639,-0.1216,-0.237,0,0.2659,0.4888,0.8309,0,0.0148,-0.8639,0.5034,0,-0.1163,0.5269,0.2618,1]},
{"frame":89,"values":[0.9637,-0.1139,-0.2414,0,0.2662,0.4773,0.8374,0,0.0199,-0.8713,0.4903,0,-0.1169,0.5276,0.2598,1]},
{"frame":90,"values":[0.963,-0.0932,-0.2527,0,0.2674,0.4444,0.855,0,0.0326,-0.891,0.4529,0,-0.1183,0.5295,0.2546,1]},
{"frame":91,"values":[0.9616,-0.063,-0.2673,0,0.2701,0.392,0.8794,0,0.0494,-0.9178,0.394,0,-0.1203,0.5322,0.2471,1]},
{"frame":92,"values":[0.9592,-0.0269,-0.2814,0,0.2748,0.322,0.906,0,0.0663,-0.9464,0.3162,0,-0.1226,0.5353,0.2384,1]},
{"frame":93,"values":[0.9564,0.011,-0.292,0,0.2812,0.2368,0.93,0,0.0794,-0.9715,0.2234,0,-0.125,0.5384,0.2293,1]},
{"frame":94,"values":[0.9537,0.0459,-0.2971,0,0.2884,0.1398,0.9473,0,0.085,-0.9891,0.1201,0,-0.1273,0.5411,0.2209,1]},
{"frame":95,"values":[0.9524,0.0726,-0.2961,0,0.2943,0.0348,0.9551,0,0.0796,-0.9968,0.0118,0,-0.129,0.543,0.2142,1]},
{"frame":96,"values":[0.9532,0.0859,-0.2898,0,0.2962,-0.074,0.9522,0,0.0604,-0.9935,-0.096,0,-0.13,0.5438,0.2102,1]},
{"frame":97,"values":[0.9556,0.0901,-0.2807,0,0.2929,-0.1828,0.9385,0,0.0332,-0.979,-0.201,0,-0.1304,0.5431,0.2081,1]},
{"frame":98,"values":[0.9583,0.0924,-0.2705,0,0.2858,-0.2871,0.9143,0,0.0068,-0.9534,-0.3016,0,-0.1309,0.5413,0.2064,1]},
{"frame":99,"values":[0.9611,0.0931,-0.2601,0,0.2757,-0.383,0.8817,0,-0.0176,-0.9191,-0.3937,0,-0.1312,0.5387,0.2053,1]},
{"frame":100,"values":[0.9638,0.0923,-0.2502,0,0.2639,-0.4666,0.8442,0,-0.0388,-0.8797,-0.474,0,-0.1315,0.5357,0.2044,1]},
{"frame":101,"values":[0.9661,0.0906,-0.2416,0,0.2518,-0.5349,0.8065,0,-0.0562,-0.84,-0.5396,0,-0.1317,0.5327,0.2039,1]},
{"frame":102,"values":[0.968,0.0886,-0.2347,0,0.2412,-0.5859,0.7736,0,-0.069,-0.8055,-0.5885,0,-0.1319,0.5301,0.2036,1]},
{"frame":103,"values":[0.9692,0.0869,-0.2303,0,0.2338,-0.6179,0.7507,0,-0.077,-0.7815,-0.6192,0,-0.132,0.5282,0.2035,1]},
{"frame":104,"values":[0.9697,0.0863,-0.2287,0,0.231,-0.629,0.7423,0,-0.0798,-0.7726,-0.6299,0,-0.132,0.5275,0.2035,1]},
{"frame":105,"values":[0.969,0.081,-0.2334,0,0.2336,-0.6076,0.7591,0,-0.0804,-0.7901,-0.6077,0,-0.1314,0.5275,0.206,1]},
{"frame":106,"values":[0.9672,0.0662,-0.2454,0,0.2407,-0.5484,0.8008,0,-0.0815,-0.8336,-0.5463,0,-0.1296,0.5274,0.2126,1]},
{"frame":107,"values":[0.9645,0.0437,-0.2604,0,0.2509,-0.4588,0.8524,0,-0.0822,-0.8875,-0.4535,0,-0.1271,0.5273,0.2219,1]},
{"frame":108,"values":[0.9614,0.0159,-0.2746,0,0.2627,-0.3492,0.8995,0,-0.0816,-0.9369,-0.3399,0,-0.1242,0.5272,0.2326,1]},
{"frame":109,"values":[0.9584,-0.0135,-0.2852,0,0.2743,-0.2346,0.9326,0,-0.0795,-0.972,-0.2211,0,-0.1213,0.5271,0.2433,1]},
{"frame":110,"values":[0.9558,-0.0398,-0.2914,0,0.284,-0.1326,0.9496,0,-0.0765,-0.9904,-0.1154,0,-0.1188,0.527,0.2527,1]},
{"frame":111,"values":[0.954,-0.0586,-0.2941,0,0.2907,-0.0603,0.9549,0,-0.0737,-0.9965,-0.0405,0,-0.117,0.527,0.2593,1]},
{"frame":112,"values":[0.9533,-0.0657,-0.2947,0,0.2931,-0.0331,0.9555,0,-0.0725,-0.9973,-0.0123,0,-0.1163,0.5269,0.2618,1]},
{"frame":121,"values":[0.9533,-0.0657,-0.2947,0,0.2931,-0.0331,0.9555,0,-0.0725,-0.9973,-0.0123,0,-0.1163,0.5269,0.2618,1]},
{"frame":152,"values":[0.9533,-0.0657,-0.2947,0,0.2931,-0.0331,0.9555,0,-0.0725,-0.9973,-0.0123,0,-0.1163,0.5269,0.2618,1]}]}},
{"name":"Bone.003","index":3,"matrix":[-0.9582,0.0663,0.2783,0,0.2811,0.0384,0.9589,0,0.0529,0.9971,-0.0554,0,0.2216,0.484,0.1767,1],"rest":[-0.9582,0.0663,0.2782,0,0.2811,0.0384,0.9589,0,0.0529,0.9971,-0.0554,0,0.2216,0.484,0.1767,1],"parentBoneIndex":0,"length":0.4447
,"animation":
{"name":"anim","property":"_matrix","dataType":3,"framePerSecond":24,"loopBehavior":1,"keys":[
{"frame":1,"values":[-0.9582,0.0663,0.2783,0,0.2811,0.0384,0.9589,0,0.0529,0.9971,-0.0554,0,0.2216,0.484,0.1767,1]},
{"frame":2,"values":[-0.9579,0.0663,0.2793,0,0.2821,0.0384,0.9586,0,0.0528,0.9971,-0.0555,0,0.2216,0.484,0.1767,1]},
{"frame":3,"values":[-0.9571,0.0662,0.2821,0,0.2849,0.0383,0.9578,0,0.0526,0.9971,-0.0555,0,0.2216,0.484,0.1767,1]},
{"frame":4,"values":[-0.9558,0.066,0.2864,0,0.2892,0.0382,0.9565,0,0.0522,0.9971,-0.0555,0,0.2216,0.484,0.1767,1]},
{"frame":5,"values":[-0.9542,0.0657,0.292,0,0.2948,0.038,0.9548,0,0.0516,0.9971,-0.0556,0,0.2216,0.484,0.1767,1]},
{"frame":6,"values":[-0.9522,0.0654,0.2985,0,0.3013,0.0378,0.9528,0,0.051,0.9971,-0.0557,0,0.2216,0.484,0.1767,1]},
{"frame":7,"values":[-0.9499,0.0651,0.3058,0,0.3085,0.0376,0.9505,0,0.0503,0.9972,-0.0557,0,0.2216,0.484,0.1767,1]},
{"frame":8,"values":[-0.9474,0.0647,0.3134,0,0.3161,0.0373,0.948,0,0.0496,0.9972,-0.0558,0,0.2216,0.484,0.1767,1]},
{"frame":9,"values":[-0.9448,0.0643,0.3211,0,0.3238,0.0371,0.9454,0,0.0489,0.9972,-0.0559,0,0.2216,0.484,0.1767,1]},
{"frame":10,"values":[-0.9423,0.064,0.3287,0,0.3314,0.0369,0.9428,0,0.0482,0.9973,-0.0559,0,0.2216,0.484,0.1767,1]},
